"PassengerID","Survived"
1,1
2,1
3,1
4,2
5,1
6,1
7,2
8,1
9,2
10,1
11,NA
12,1
13,2
14,1
15,2
16,2
17,1
18,1
19,2
20,1
21,1
22,2
23,NA
24,2
25,2
26,1
27,2
28,2
29,1
30,NA
31,1
32,1
33,2
34,NA
35,2
36,1
37,NA
38,1
39,1
40,NA
41,1
42,NA
43,1
44,2
45,2
46,1
47,1
48,NA
49,2
50,2
51,2
52,1
53,2
54,2
55,NA
56,1
57,1
58,1
59,NA
60,2
61,1
62,1
63,1
64,2
65,1
66,NA
67,2
68,1
69,1
70,2
71,2
72,1
73,2
74,1
75,2
76,1
77,NA
78,2
79,1
80,2
81,2
82,1
83,1
84,NA
85,NA
86,NA
87,2
88,1
89,NA
90,2
91,1
92,NA
93,2
94,NA
95,2
96,1
97,2
98,1
99,2
100,1
101,2
102,1
103,NA
104,2
105,1
106,1
107,1
108,NA
109,NA
110,1
111,1
112,NA
113,2
114,2
115,2
116,1
117,NA
118,2
119,1
120,2
121,2
122,NA
123,2
124,1
125,NA
126,2
127,1
128,NA
129,2
130,1
131,2
132,1
133,NA
134,NA
135,1
136,1
137,1
138,1
139,1
140,1
141,1
142,2
143,1
144,1
145,2
146,1
147,NA
148,1
149,NA
150,1
151,2
152,NA
153,NA
154,2
155,1
156,1
157,2
158,2
159,2
160,2
161,NA
162,2
163,2
164,NA
165,1
166,2
167,1
168,1
169,NA
170,1
171,NA
172,1
173,1
174,NA
175,1
176,2
177,2
178,1
179,2
180,2
181,1
182,1
183,2
184,NA
185,2
186,1
187,2
188,1
189,NA
190,1
191,1
192,NA
193,2
194,1
195,2
196,1
197,2
198,1
199,1
200,NA
201,NA
202,2
203,1
204,2
205,1
206,NA
207,2
208,1
209,2
210,1
211,1
212,NA
213,1
214,2
215,1
216,1
217,NA
218,1
219,2
220,NA
221,2
222,1
223,2
224,1
225,2
226,NA
227,1
228,NA
229,1
230,1
231,1
232,2
233,1
234,NA
235,1
236,1
237,1
238,2
239,2
240,2
241,2
242,2
243,1
244,NA
245,NA
246,1
247,2
248,1
249,2
250,NA
251,2
252,1
253,1
254,1
255,1
256,NA
257,NA
258,1
259,2
260,1
261,1
262,1
263,2
264,2
265,1
266,NA
267,NA
268,NA
269,NA
270,1
271,1
272,NA
273,2
274,NA
275,NA
276,2
277,1
278,1
279,1
280,1
281,1
282,2
283,NA
284,1
285,2
286,1
287,NA
288,1
289,NA
290,NA
291,NA
292,1
293,NA
294,1
295,1
296,1
297,2
298,NA
299,1
300,1
301,1
302,NA
303,1
304,1
305,NA
306,2
307,1
308,2
309,1
310,1
311,1
312,2
313,NA
314,2
315,2
316,2
317,1
318,1
319,1
320,1
321,2
322,1
323,1
324,2
325,2
326,1
327,2
328,1
329,1
330,1
331,2
332,1
333,NA
334,2
335,1
336,1
337,1
338,1
339,1
340,NA
341,1
342,1
343,NA
344,2
345,NA
346,2
347,1
348,2
349,1
350,2
351,2
352,1
353,1
354,1
355,2
356,1
357,2
358,NA
359,NA
360,2
361,1
362,2
363,2
364,2
365,2
366,NA
367,NA
368,1
369,2
370,1
371,1
372,2
373,1
374,1
375,2
376,2
377,1
378,1
379,1
380,1
381,NA
382,1
383,NA
384,2
385,NA
386,2
387,1
388,1
389,1
390,1
391,2
392,2
393,1
394,1
395,1
396,2
397,1
398,2
399,1
400,1
401,2
402,1
403,2
404,1
405,1
406,1
407,1
408,1
409,NA
410,2
411,NA
412,2
413,2
414,NA
415,2
416,1
417,NA
418,NA
